# unix_time, cycles_done, cur_path, paths_total, pending_total, pending_favs, map_size, unique_crashes, unique_hangs, max_depth, execs_per_sec
1592327737, 0, 0, 10, 10, 9, 2.11%, 0, 0, 1, 1290.32
1592327742, 0, 0, 64, 64, 9, 2.20%, 0, 0, 2, 533.11
1592327747, 0, 0, 113, 113, 9, 2.21%, 0, 0, 2, 353.16
1592327752, 0, 0, 153, 153, 9, 2.23%, 0, 0, 2, 299.85
1592327757, 0, 0, 179, 179, 9, 2.23%, 0, 0, 2, 279.82
1592327762, 0, 0, 200, 200, 9, 2.23%, 0, 0, 2, 273.28
1592327767, 0, 0, 212, 212, 9, 2.24%, 0, 0, 2, 265.60
1592327772, 0, 0, 229, 229, 9, 2.24%, 0, 0, 2, 264.78
1592327778, 0, 0, 244, 244, 9, 2.26%, 0, 0, 2, 261.26
1592327783, 0, 0, 261, 261, 9, 2.26%, 0, 0, 2, 254.26
1592327788, 0, 0, 276, 276, 9, 2.26%, 0, 0, 2, 255.90
1592327793, 0, 0, 294, 294, 9, 2.33%, 0, 0, 2, 261.21
1592327798, 0, 0, 295, 295, 9, 2.33%, 0, 0, 2, 259.20
1592327803, 0, 0, 298, 298, 9, 2.33%, 0, 0, 2, 260.82
1592327813, 0, 0, 299, 299, 9, 2.33%, 0, 0, 2, 259.81
1592327818, 0, 0, 301, 301, 9, 2.33%, 0, 0, 2, 259.40
1592327823, 0, 0, 303, 303, 9, 2.33%, 0, 0, 2, 260.83
1592327839, 0, 0, 311, 311, 9, 2.35%, 0, 0, 2, 254.31
1592327844, 0, 0, 313, 313, 9, 2.35%, 0, 0, 2, 250.99
1592327849, 0, 0, 315, 315, 9, 2.35%, 0, 0, 2, 252.99
1592327854, 0, 0, 317, 317, 9, 2.35%, 0, 0, 2, 258.32
1592327859, 0, 0, 318, 318, 9, 2.35%, 0, 0, 2, 253.91
1592327864, 0, 0, 319, 319, 9, 2.35%, 0, 0, 2, 252.91
1592327869, 0, 0, 320, 320, 9, 2.35%, 0, 0, 2, 256.71
1592327884, 0, 0, 323, 323, 9, 2.36%, 0, 0, 2, 255.25
1592327894, 0, 0, 325, 325, 9, 2.36%, 0, 0, 2, 254.13
1592327899, 0, 0, 326, 326, 9, 2.36%, 0, 0, 2, 255.80
